[1723.1691  3828.40343 3953.142  ], 0.021653, [[ 6.87451647e-01  1.60678918e-06  1.30603685e-16 -3.43724681e-01
   2.67985058e-01 -2.43508576e-16 -3.43726966e-01 -2.67986665e-01
   1.12904891e-16]
 [ 1.60678918e-06  4.73567181e-01  2.50104791e-16  1.99560083e-01
  -2.36783375e-01 -7.73807283e-17 -1.99561689e-01 -2.36783806e-01
  -1.72724063e-16]
 [ 1.30603685e-16  2.50104791e-16  1.43986472e-04 -2.31025608e-16
  -1.06410990e-16 -7.22270423e-05  1.00421923e-16 -1.43693802e-16
  -7.17594301e-05]
 [-3.43724681e-01  1.99560083e-01 -2.31025608e-16  3.74674808e-01
  -2.33772613e-01  2.38296355e-16 -3.09501267e-02  3.42125300e-02
  -7.27074680e-18]
 [ 2.67985058e-01 -2.36783375e-01 -1.06410990e-16 -2.33772613e-01
   2.22922038e-01  1.47795585e-16 -3.42124454e-02  1.38613362e-02
  -4.13845952e-17]
 [-2.43508576e-16 -7.73807283e-17 -7.22270423e-05  2.38296355e-16
   1.47795585e-16  8.93812348e-05  5.21222067e-18 -7.04148566e-17
  -1.71541925e-05]
 [-3.43726966e-01 -1.99561689e-01  1.00421923e-16 -3.09501267e-02
  -3.42124454e-02  5.21222067e-18  3.74677092e-01  2.33774135e-01
  -1.05634144e-16]
 [-2.67986665e-01 -2.36783806e-01 -1.43693802e-16  3.42125300e-02
   1.38613362e-02 -7.04148566e-17  2.33774135e-01  2.22922470e-01
   2.14108658e-16]
 [ 1.12904891e-16 -1.72724063e-16 -7.17594301e-05 -7.27074680e-18
  -4.13845952e-17 -1.71541925e-05 -1.05634144e-16  2.14108658e-16
   8.89136226e-05]]